7777777 111 111111 1111111ζ 1111 111
1111 111111111111111111111 11111111111 1111111111
7777 11111 111111 1111 111111 11111 1111 11111 s 777.
111, 11111111 1111 111 11111111 7777777 77¹ ,
111 111111 1111 ’1111111 1111111111 Ν1111μ1111111111111
7717 1111111111111111111111111111 1111111111·
11111111111111111111111111111111111111111, 1111-11
77777777777 VM777777 757778777cepl’777VAd77777
- 777 777st ἄψ 777 ’1111111Ἴ Mese [777777777 7177777
77777 11111111 l 11 11111111 1111111111
777 7 777777 1111
1111111 ’,’111 1111111111 1111111111
1111111111 111 11111 1111111111111111111111111111 T VO
7777 111111111111111111111 11111 1111 1111 111
111112 7777 ›777777‘72 111Μ 11, 1111111111 11111111111111179
..1111111 11 ..77777777777777
11111111111111111111111111111111111111111111
111111111111111111 111111 11111111 1111, 11111111111
11111111111111111111111111
SIMVM NVMEN ΤΙΒΙ 1111111 1111 11111111
1111111111 11111111 ,1111111 1111111111. 1711111111 1,.,1 11
1111111111 111111,1111111111111111111111111111111
f77 111, 777777177 1111111111111111111
11111111111111111111111111111111111111111111111]ἱὲ

epoffs 77s777⁷7 1111111
111111111111111111,1111111111] 7717 ·-

MAGNI-

 

